150541
150541
150404
150267
456821
456831
456831
456821
456811
456811
456821
456831
456811
456908
456821
456908
456734
456821
456734
456908
456734
456958
456958
456821
456684
804474
804484
804484
804474
804464
804464
804474
804484
804464
804561
804474
804561
804387
804474
804387
804561
804387
804611
804611
804474
804337
473361
473371
473371
473361
473351
473351
473361
473371
473351
473448
473361
473448
473274
473361
473274
473448
473274
473498
473498
473361
473224
684091
684101
684101
684091
684081
684081
684091
684101
684081
684178
684091
684178
684004
684091
684004
684178
684004
684228
684228
684091
683954